0830/04/2020           11839            0.007871601       2628.4230/04/2020 1           0.00  0.00          86         20257546862      0003621500000000000000000000000000000000000000000000000000000
0830/04/2020           11839            0.007871601        412.0630/04/2020 1           0.00  0.00          86         20137735173      0003771600000000000000000000000000000000000000000000000000000
0830/04/2020           11839            0.007871601       4552.4630/04/2020 1           0.00  0.00          86         20289602276      0003909100000000000000000000000000000000000000000000000000000
0830/04/2020           11839            0.007871601        781.0730/04/2020 1           0.00  0.00          86         20288245089      0003990900000000000000000000000000000000000000000000000000000
0830/04/2020           11839            0.007871601        597.5530/04/2020 1           0.00  0.00          86         23283525139      0004411500000000000000000000000000000000000000000000000000000
0830/04/2020           11839            0.007871601      39399.7530/04/2020 1           0.00  0.00          86         20250888911      0004411700000000000000000000000000000000000000000000000000000
0830/04/2020           11839            0.007871601        523.3430/04/2020 1           0.00  0.00          86         20290094918      0004465600000000000000000000000000000000000000000000000000000
0830/04/2020           11839            0.007871601      45472.4830/04/2020 1           0.00  0.00          86         20182439682      0004465700000000000000000000000000000000000000000000000000000
0830/04/2020           11839            0.007871601       4127.8430/04/2020 1           0.00  0.00          86         20336282692      0004554000000000000000000000000000000000000000000000000000000
0830/04/2020           11839            0.007871601        749.1530/04/2020 1           0.00  0.00          86         20328889898      0004626600000000000000000000000000000000000000000000000000000
0830/04/2020           11839            0.007871601       3996.5330/04/2020 1           0.00  0.00          86         20268070266      0004631700000000000000000000000000000000000000000000000000000
0830/04/2020           11839            0.007871601       1259.3530/04/2020 1           0.00  0.00          86         20275956199      0004644200000000000000000000000000000000000000000000000000000
0706/05/2020           11843            0.007871601          0.0006/05/2020 1       12473.21  0.00          86         20124032203      0002642200000000000000000000000000000000000000000000000000000
0706/05/2020           11843            0.007871601          0.0006/05/2020 1          41.18  0.00          86         20180171526      0002678200000000000000000000000000000000000000000000000000000
0706/05/2020           11843            0.007871601          0.0006/05/2020 1        3104.37  0.00          86         24322396682      0004311700000000000000000000000000000000000000000000000000000
0806/05/2020           11843            0.007871601       5085.0006/05/2020 1           0.00  0.00          86         27330434916      0004604500000000000000000000000000000000000000000000000000000
0707/05/2020           11845            0.007871601          0.0007/05/2020 1        3922.15  0.00          86         20085988051      0000282100000000000000000000000000000000000000000000000000000
0707/05/2020           11845            0.007871601          0.0007/05/2020 1        9016.16  0.00          86         20131263423      0000940400000000000000000000000000000000000000000000000000000
0707/05/2020           11845            0.007871601          0.0007/05/2020 1        2204.58  0.00          86         20125421564      0001188400000000000000000000000000000000000000000000000000000
0707/05/2020           11845            0.007871601          0.0007/05/2020 1        4921.74  0.00          86         20126015446      0002038200000000000000000000000000000000000000000000000000000
0707/05/2020           11845            0.007871601          0.0007/05/2020 1       11786.35  0.00          86         20143602274      0002062800000000000000000000000000000000000000000000000000000
0707/05/2020           11845            0.007871601          0.0007/05/2020 1         168.64  0.00          86         20169075647      0002179600000000000000000000000000000000000000000000000000000
0707/05/2020           11845            0.007871601          0.0007/05/2020 1         923.08  0.00          86         20181646013      0002517000000000000000000000000000000000000000000000000000000
0707/05/2020           11845            0.007871601          0.0007/05/2020 1        1589.35  0.00          86         20205427288      0002642000000000000000000000000000000000000000000000000000000
0707/05/2020           11845            0.007871601          0.0007/05/2020 1         696.72  0.00          86         20149214705      0002654500000000000000000000000000000000000000000000000000000
0707/05/2020           11845            0.007871601          0.0007/05/2020 1        5647.04  0.00          86         20203452447      0002846700000000000000000000000000000000000000000000000000000
0707/05/2020           11845            0.007871601          0.0007/05/2020 1        7254.44  0.00          86         20174405868      0002847200000000000000000000000000000000000000000000000000000
0707/05/2020           11845            0.007871601          0.0007/05/2020 1        1367.46  0.00          86         20142187532      0002871000000000000000000000000000000000000000000000000000000
0707/05/2020           11845            0.007871601          0.0007/05/2020 1        3159.31  0.00          86         20145799725      0002947200000000000000000000000000000000000000000000000000000
0707/05/2020           11845            0.007871601          0.0007/05/2020 1       15086.72  0.00          86         20139306458      0002968200000000000000000000000000000000000000000000000000000
0707/05/2020           11845            0.007871601          0.0007/05/2020 1        3973.42  0.00          86         27200834637      0003042000000000000000000000000000000000000000000000000000000
0707/05/2020           11845            0.007871601          0.0007/05/2020 1         470.77  0.00          86         23178321439      0003078000000000000000000000000000000000000000000000000000000
0707/05/2020           11845            0.007871601          0.0007/05/2020 1        1638.70  0.00          86         20204545546      0003098100000000000000000000000000000000000000000000000000000
0707/05/2020           11845            0.007871601          0.0007/05/2020 1         166.85  0.00          86         23203803184      0003131200000000000000000000000000000000000000000000000000000
0707/05/2020           11845            0.007871601          0.0007/05/2020 1        3519.80  0.00          86         20231966251      0003257700000000000000000000000000000000000000000000000000000
0707/05/2020           11845            0.007871601          0.0007/05/2020 1        8978.40  0.00          86         20242672837      0003437400000000000000000000000000000000000000000000000000000
0707/05/2020           11845            0.007871601          0.0007/05/2020 1        2540.93  0.00          86         20249483436      0003501100000000000000000000000000000000000000000000000000000
0707/05/2020           11845            0.007871601          0.0007/05/2020 1        9856.23  0.00          86         20171238863      0003591000000000000000000000000000000000000000000000000000000
0707/05/2020           11845            0.007871601          0.0007/05/2020 1        4389.62  0.00          86         27236840897      0003606500000000000000000000000000000000000000000000000000000
0707/05/2020           11845            0.007871601          0.0007/05/2020 1       10517.95  0.00          86         20223049096      0003609500000000000000000000000000000000000000000000000000000
0707/05/2020           11845            0.007871601          0.0007/05/2020 1        1632.14  0.00          86         20185690491      0003650800000000000000000000000000000000000000000000000000000
0707/05/2020           11845            0.007871601          0.0007/05/2020 1       10455.87  0.00          86         20165619901      0003669200000000000000000000000000000000000000000000000000000
0707/05/2020           11845            0.007871601          0.0007/05/2020 1        1572.23  0.00          86         20181146959      0003680700000000000000000000000000000000000000000000000000000
0707/05/2020           11845            0.007871601          0.0007/05/2020 1          85.41  0.00          86         20261775566      0003769000000000000000000000000000000000000000000000000000000
0807/05/2020           11845            0.007871601         86.1507/05/2020 1           0.00  0.00          86         20279152132      0003779500000000000000000000000000000000000000000000000000000
0707/05/2020           11845            0.007871601          0.0007/05/2020 1        7120.74  0.00          86         20265019227      0003783100000000000000000000000000000000000000000000000000000
0707/05/2020           11845            0.007871601          0.0007/05/2020 1         979.38  0.00          86         20189036680      0003800700000000000000000000000000000000000000000000000000000
0707/05/2020           11845            0.007871601          0.0007/05/2020 1        1082.76  0.00          86         20270386475      0003844300000000000000000000000000000000000000000000000000000
0707/05/2020           11845            0.007871601          0.0007/05/2020 1        4198.51  0.00          86         27252024404      0003861800000000000000000000000000000000000000000000000000000
0707/05/2020           11845            0.007871601          0.0007/05/2020 1        1289.75  0.00          86         20230788082      0003863700000000000000000000000000000000000000000000000000000
0707/05/2020           11845            0.007871601          0.0007/05/2020 1       12840.87  0.00          86         20278962394      0003869300000000000000000000000000000000000000000000000000000
0707/05/2020           11845            0.007871601          0.0007/05/2020 1        4336.56  0.00          86         27940187163      0003909000000000000000000000000000000000000000000000000000000
0707/05/2020           11845            0.007871601          0.0007/05/2020 1        3298.74  0.00          86         20183435168      0003911400000000000000000000000000000000000000000000000000000
0707/05/2020           11845            0.007871601          0.0007/05/2020 1        1766.81  0.00          86         20135904601      0003918500000000000000000000000000000000000000000000000000000
0707/05/2020           11845            0.007871601          0.0007/05/2020 1        4539.97  0.00          86         20292528427      0003953200000000000000000000000000000000000000000000000000000
0807/05/2020           11845            0.007871601       1970.8707/05/2020 1           0.00  0.00          86         23286537669      0003953400000000000000000000000000000000000000000000000000000
0707/05/2020           11845            0.007871601          0.0007/05/2020 1        7095.79  0.00          86         27271347656      0003955300000000000000000000000000000000000000000000000000000
0707/05/2020           11845            0.007871601          0.0007/05/2020 1         830.02  0.00          86         20127138819      0003958700000000000000000000000000000000000000000000000000000
0707/05/2020           11845            0.007871601          0.0007/05/2020 1        7126.67  0.00          86         20181368285      0003966400000000000000000000000000000000000000000000000000000
0707/05/2020           11845            0.007871601          0.0007/05/2020 1        7056.29  0.00          86         20237555075      0003979500000000000000000000000000000000000000000000000000000
0707/05/2020           11845            0.007871601          0.0007/05/2020 1        1584.70  0.00          86         27238254456      0003991000000000000000000000000000000000000000000000000000000
0707/05/2020           11845            0.007871601          0.0007/05/2020 1        2857.16  0.00          86         20231900943      0003992700000000000000000000000000000000000000000000000000000
0707/05/2020           11845            0.007871601          0.0007/05/2020 1        2094.24  0.00          86         20177392252      0004258200000000000000000000000000000000000000000000000000000
0707/05/2020           11845            0.007871601          0.0007/05/2020 1       13518.81  0.00          86         20290298076      0004263100000000000000000000000000000000000000000000000000000
0707/05/2020           11845            0.007871601          0.0007/05/2020 1          75.50  0.00          86         20141553225      0004272600000000000000000000000000000000000000000000000000000
0707/05/2020           11845            0.007871601          0.0007/05/2020 1         873.24  0.00          86         20310259676      0004282100000000000000000000000000000000000000000000000000000
0707/05/2020           11845            0.007871601          0.0007/05/2020 1        3969.90  0.00          86         23277048809      0004306900000000000000000000000000000000000000000000000000000
0707/05/2020           11845            0.007871601          0.0007/05/2020 1           8.54  0.00          86         27255977089      0004308300000000000000000000000000000000000000000000000000000
0807/05/2020           11845            0.007871601        224.2407/05/2020 1           0.00  0.00          86         27275117000      0004320700000000000000000000000000000000000000000000000000000
0707/05/2020           11845            0.007871601          0.0007/05/2020 1        1870.66  0.00          86         20265468587      0004322800000000000000000000000000000000000000000000000000000
0807/05/2020           11845            0.007871601         51.5907/05/2020 1           0.00  0.00          86         20265140433      0004324200000000000000000000000000000000000000000000000000000
0707/05/2020           11845            0.007871601          0.0007/05/2020 1        1847.70  0.00          86         20123343124      0004366900000000000000000000000000000000000000000000000000000
0707/05/2020           11845            0.007871601          0.0007/05/2020 1        1818.50  0.00          86         20225615404      0004400900000000000000000000000000000000000000000000000000000
0707/05/2020           11845            0.007871601          0.0007/05/2020 1        1103.84  0.00          86         20265141162      0004401800000000000000000000000000000000000000000000000000000
0707/05/2020           11845            0.007871601          0.0007/05/2020 1         125.68  0.00          86         20133751719      0004404400000000000000000000000000000000000000000000000000000
0707/05/2020           11845            0.007871601          0.0007/05/2020 1         433.72  0.00          86         20171593701      0004405000000000000000000000000000000000000000000000000000000
0707/05/2020           11845            0.007871601          0.0007/05/2020 1         596.96  0.00          86         20218998845      0004424700000000000000000000000000000000000000000000000000000
0707/05/2020           11845            0.007871601          0.0007/05/2020 1          46.60  0.00          86         20301739002      0004431100000000000000000000000000000000000000000000000000000
0707/05/2020           11845            0.007871601          0.0007/05/2020 1          97.57  0.00          86         20306312139      0004432600000000000000000000000000000000000000000000000000000
0707/05/2020           11845            0.007871601          0.0007/05/2020 1         384.74  0.00          86         20283758479      0004454800000000000000000000000000000000000000000000000000000
0707/05/2020           11845            0.007871601          0.0007/05/2020 1        1247.70  0.00          86         20346249642      0004456200000000000000000000000000000000000000000000000000000
0707/05/2020           11845            0.007871601          0.0007/05/2020 1         391.96  0.00          86         20330887444      0004456400000000000000000000000000000000000000000000000000000
0707/05/2020           11845            0.007871601          0.0007/05/2020 1         746.06  0.00          86         20292226382      0004467600000000000000000000000000000000000000000000000000000
0707/05/2020           11845            0.007871601          0.0007/05/2020 1        2042.09  0.00          86         20270622276      0004472100000000000000000000000000000000000000000000000000000
0707/05/2020           11845            0.007871601          0.0007/05/2020 1        3845.77  0.00          86         20364797193      0004517300000000000000000000000000000000000000000000000000000
0707/05/2020           11845            0.007871601          0.0007/05/2020 1        2350.21  0.00          86         20331011453      0004524300000000000000000000000000000000000000000000000000000
0707/05/2020           11845            0.007871601          0.0007/05/2020 1         188.61  0.00          86         20214663873      0004524900000000000000000000000000000000000000000000000000000
0707/05/2020           11845            0.007871601          0.0007/05/2020 1        3876.93  0.00          86         20118407173      0004527100000000000000000000000000000000000000000000000000000
0707/05/2020           11845            0.007871601          0.0007/05/2020 1        6282.25  0.00          86         23365940959      0004529000000000000000000000000000000000000000000000000000000
0807/05/2020           11845            0.007871601         62.9607/05/2020 1           0.00  0.00          86         23269886129      0004545700000000000000000000000000000000000000000000000000000
0707/05/2020           11845            0.007871601          0.0007/05/2020 1         171.47  0.00          86         27356716162      0004546100000000000000000000000000000000000000000000000000000
0707/05/2020           11845            0.007871601          0.0007/05/2020 1       18786.61  0.00          86         20170015534      0004558500000000000000000000000000000000000000000000000000000
0707/05/2020           11845            0.007871601          0.0007/05/2020 1         647.58  0.00          86         27314018953      0004562000000000000000000000000000000000000000000000000000000
0707/05/2020           11845            0.007871601          0.0007/05/2020 1        4350.00  0.00          86         20163955998      0004565000000000000000000000000000000000000000000000000000000
0707/05/2020           11845            0.007871601          0.0007/05/2020 1         275.46  0.00          86         20345018817      0004598900000000000000000000000000000000000000000000000000000
0707/05/2020           11845            0.007871601          0.0007/05/2020 1        6630.97  0.00          86         27376472235      0004613500000000000000000000000000000000000000000000000000000
0707/05/2020           11845            0.007871601          0.0007/05/2020 1         884.61  0.00          86         20359361166      0004630800000000000000000000000000000000000000000000000000000
0707/05/2020           11845            0.007871601          0.0007/05/2020 1        1121.15  0.00          86         20208024052      0004644000000000000000000000000000000000000000000000000000000
0707/05/2020           11847            0.007871601          0.0007/05/2020 1       10315.00  0.00          86         23113883669      0001007000000000000000000000000000000000000000000000000000000
0707/05/2020           11847            0.007871601          0.0007/05/2020 1       18969.00  0.00          86         20127549630      0001450300000000000000000000000000000000000000000000000000000
0707/05/2020           11847            0.007871601          0.0007/05/2020 1       14166.00  0.00          86         20145194521      0003847600000000000000000000000000000000000000000000000000000
0707/05/2020           11847            0.007871601          0.0007/05/2020 1       10038.00  0.00          86         20235848873      0003909500000000000000000000000000000000000000000000000000000
0830/04/2020           11848            0.007871601       6710.3830/04/2020 1           0.00  0.00          86         20313188192      0004433800000000000000000000000000000000000000000000000000000
0801/05/2020           11849            0.007871601      56617.1501/05/2020 1           0.00  0.00          86         23113883669      0001007000000000000000000000000000000000000000000000000000000
0801/05/2020           11849            0.007871601     100199.9301/05/2020 1           0.00  0.00          86         20127549630      0001450300000000000000000000000000000000000000000000000000000
0801/05/2020           11849            0.007871601      28732.4901/05/2020 1           0.00  0.00          86         20145194521      0003847600000000000000000000000000000000000000000000000000000
0801/05/2020           11849            0.007871601      54173.0101/05/2020 1           0.00  0.00          86         20235848873      0003909500000000000000000000000000000000000000000000000000000
0826/05/2020           11857            0.007871601      15778.8626/05/2020 1           0.00  0.00          86         20223592601      0051432300000000000000000000000000000000000000000000000000000
